6.554
2.126
8.491
7.969
10.091
9.114
10.582
7.542
7.233
5.319
5.543
10.414
11.166
9.477
8.858
10.254
10.778
9.233
8.664
7.951
2.317
11.387
7.756
9.392
5.468
5.678
11.273
9.930
4.890
11.199
4.465
7.069
8.359
8.384
9.897
2.467
7.606
6.301
1.768
8.931
6.396
6.366
9.604
8.647
9.034
9.923
9.141
1.507
7.648
7.270
10.863
8.353
0.518
3.469
6.345
2.728
4.280
7.483
0.570
10.198
5.513
5.752
1.102
10.985
9.664
10.618
8.656
8.700
3.531
5.084
4.920
3.895
6.478
11.265
8.458
5.033
8.111
7.903
8.498
0.729
9.909
2.959
6.166
9.427
10.070
6.640
11.324
11.195
0.382
7.596
9.095
3.858
4.239
3.253
4.746
8.277
9.479
3.224
4.908
1.568
8.108
7.107
6.129
5.971
9.844
9.071
10.720
9.713
2.519
2.067
7.239
4.090
3.570
3.353
10.008
8.163
0.000
11.264
7.725
7.541
6.720
8.956
0.780
10.517
10.144
6.449
5.989
9.074
11.363
10.314
19.200
19.600
20.100
