4.527
0.927
13.445
16.419
0.804
7.353
13.088
3.941
13.333
4.382
4.112
7.555
15.867
12.057
2.925
15.649
5.771
14.218
7.041
6.560
12.201
9.398
1.773
17.272
8.780
4.361
9.390
12.067
10.123
2.180
5.414
7.120
8.942
2.223
5.554
2.327
7.708
17.618
0.843
17.066
5.389
2.134
8.567
4.024
3.504
3.540
4.102
9.076
13.464
5.108
4.915
4.049
10.312
1.525
3.045
5.396
1.982
4.281
5.893
1.337
2.009
12.506
3.891
2.720
4.843
4.433
0.186
9.274
3.234
4.949
1.640
1.611
0.859
14.313
2.754
2.705
16.409
16.210
1.850
6.595
2.053
8.407
13.874
1.021
1.912
13.981
6.373
3.209
11.223
17.853
17.093
13.430
0.739
0.515
2.874
5.279
3.723
12.287
6.636
0.092
2.816
4.264
4.981
5.658
0.138
1.212
14.512
15.176
10.583
9.905
5.088
17.655
10.601
6.313
14.620
11.580
5.783
4.421
13.816
10.041
8.950
0.844
18.297
3.250
2.865
15.357
6.310
7.816
9.612
2.720
0.114
10.090
8.565
16.997
2.599
2.300
4.141
16.419
1.799
2.240
17.514
0.521
7.626
4.178
11.684
18.446
9.193
1.208
1.968
3.853
