3.441
7.104
6.766
3.698
7.361
3.401
3.721
7.410
7.143
7.131
6.918
6.845
6.734
6.974
6.248
3.342
2.910
3.698
3.420
7.404
2.895
6.092
3.746
3.405
3.278
6.161
3.765
2.592
2.792
2.695
6.741
2.694
6.750
3.565
6.939
6.824
2.794
7.481
6.036
6.448
3.886
6.585
3.363
7.063
2.721
3.573
6.352
3.688
2.635
7.278
3.025
6.331
3.187
6.679
6.679
6.189
3.430
2.955
2.682
3.964
2.936
3.619
3.806
3.750
7.048
7.049
3.288
7.257
2.857
7.154
2.837
6.770
7.017
6.289
2.686
6.052
6.850
3.544
7.411
3.743
3.785
6.893
3.929
6.130
3.801
7.188
3.350
2.911
7.089
3.391
6.568
3.814
6.058
2.657
3.775
2.913
6.413
6.772
3.103
6.658
3.837
6.122
6.754
7.196
3.981
6.101
6.505
6.189
7.304
3.480
2.767
3.867
6.340
7.078
6.305
2.951
6.324
6.010
7.497
7.099
3.773
2.836
7.173
6.893
7.349
3.711
3.462
6.535
3.688
6.277
2.514
3.369
6.149
3.475
6.884
3.489
6.205
6.857
2.677
3.009
6.782
6.915
6.677
6.227
7.395
3.515
2.845
7.244
6.398
2.704
6.861
7.337
7.373
3.192
3.591
6.386
3.318
3.393
2.864
3.455
2.799
3.431
7.039
3.276
2.802
2.694
2.540
6.071
7.003
3.332
6.281
2.583
3.981
6.804
6.327
3.418
6.714
3.164
2.805
7.181
6.028
3.910
3.759
3.261
6.870
3.520
3.681
7.067
7.078
6.017
7.049
3.021
6.196
6.598
3.259
6.262
3.988
7.035
3.905
3.005
